31
34
52
21022
189
26410
26411
26412
26413
26414
26415
26416
26417
48
49
50
21002
21001
51
3077
20015
23102
23099
23100
102
4079
4080
47
46
21003
1767
1647
1677
1687
1697
1707
1777
1787
1797
1835
1873
1883
20110
20107
20111
2316
2335
2207
2227
2217
2178
2188
2296
2306
2257
2247
2443
2453
2463
2473
6152
6150
2492
6154
6155
6179
6149
6159
1558
20117
1628
1618
1289
1299
1309
1349
1359
1478
1488
1528
1538
1458
1438
1548
6144
1408
1110
2237
1120
864
884
904
1070
1090
1080
6164
6162
874
2129
2139
2149
2159
1160
1190
1200
1210
1220
1170
1180
1239
20116
20160
1269
1279
1249
1259
1717
1747
1050
1060
1757
2267
2277
1727
1737
1920
1930
1940
1950
1960
1970
1980
1990
2000
2010
2020
2030
2040
2050
2060
2070
2080
2090
2100
6145
20127
6160
2110
1031
6138
6142
21000
670
699
680
709
728
6146
134
135
137
136
